image: sim_simple.pgm
resolution: 0.050000
origin: [-3.246519, -3.028618, 0.000000]
negate: 0
occupied_thresh: 0.65
free_thresh: 0.196

